0 58 0 0 0 0 0 0 0 0 0 0 0 0 0 0 0 0 0 0  
58 0 89 0 102 0 17 96 0 0 0 0 0 0 0 0 0 0 0 0 
0 89 0 127 43 38 81 0 0 0 0 0 137 0 0 0 0 0 0 0 
0 0 127 0 0 130 123 0 0 0 0 374 0 0 0 0 0 0 0 0 
0 102 43 36 0 0 95 0 65 59 111 0 98 0 0 0 0 0 0 0 
0 0 38 130 12 0 26 7 0 0 79 0 61 0 0 0 0 0 0 0 
0 17 81 123 95 0 0 0 0 0 0 0 0 0 0 0 0 0 0 0  
0 96 0 0 0 0 0 0 49 0 0 0 0 341 0 468 0 0 0 0 
0 0 0 0 65 0 0 49 0 41 0 0 0 0 0 0 0 0 0 0 
0 0 0 0 59 0 0 0 41 0 0 0 0 0 0 0 0 0 0 0 
0 0 0 0 111 79 0 0 0 0 0 29 19 0 0 485 0 0 0 0    
0 0 0 374 0 0 0 0 0 0 29 0 0 0 0 471 0 0 0 0    
0 0 137 0 98 61 0 0 0 0 19 0 0 0 0 0 0 0 0 0  
0 0 0 0 0 0 0 341 0 0 0 0 0 0 0 0 30 0 0 0 
0 0 0 0 0 0 0 0 0 0 0 0 0 0 0 44 94 0 93 0 0  
0 0 0 0 0 0 0 468 0 0 485 471 0 0 44 0 0 0 0 64 
0 0 0 0 0 0 0 0 0 0 0 0 0 30 94 0 0 24 0 0   
0 0 0 0 0 0 0 0 0 0 0 0 0 0 93 0 24 0 19 203    
0 0 0 0 0 0 0 0 0 0 0 0 0 0 0 0 0 19 0 205    
0 0 0 0 0 0 0 0 0 0 0 0 0 0 0 64 0 203 205 0    